(0, 0) (1, 0) 50
(0, 0) (0, 1) 90
(0, 1) (1, 1) 80
(0, 1) (0, 2) 70
(0, 2) (1, 2) 70
(0, 2) (0, 3) 50
(0, 3) (1, 3) 80
(0, 3) (0, 4) 50
(0, 4) (1, 4) 60
(0, 4) (0, 5) 90
(0, 5) (1, 5) 60
(0, 5) (0, 6) 90
(0, 6) (1, 6) 60
(0, 6) (0, 7) 50
(0, 7) (1, 7) 50
(0, 7) (0, 8) 60
(0, 8) (1, 8) 60
(0, 8) (0, 9) 80
(0, 9) (1, 9) 80
(0, 9) (0, 10) 50
(0, 10) (1, 10) 80
(0, 10) (0, 11) 70
(0, 11) (1, 11) 80
(0, 11) (0, 12) 50
(0, 12) (1, 12) 50
(0, 12) (0, 13) 60
(0, 13) (1, 13) 70
(0, 13) (0, 14) 60
(0, 14) (1, 14) 90
(0, 14) (0, 15) 70
(0, 15) (1, 15) 80
(0, 15) (0, 16) 50
(0, 16) (1, 16) 70
(0, 16) (0, 17) 50
(0, 17) (1, 17) 80
(0, 17) (0, 18) 60
(0, 18) (1, 18) 60
(0, 18) (0, 19) 80
(0, 19) (1, 19) 80
(0, 19) (0, 20) 50
(0, 20) (1, 20) 80
(0, 20) (0, 21) 70
(0, 21) (1, 21) 50
(0, 21) (0, 22) 90
(0, 22) (1, 22) 70
(0, 22) (0, 23) 60
(0, 23) (1, 23) 70
(0, 23) (0, 24) 70
(0, 24) (1, 24) 80
(0, 24) (0, 25) 90
(0, 25) (1, 25) 70
(0, 25) (0, 26) 70
(0, 26) (1, 26) 50
(0, 26) (0, 27) 50
(0, 27) (1, 27) 50
(0, 27) (0, 28) 60
(0, 28) (1, 28) 70
(0, 28) (0, 29) 50
(0, 29) (1, 29) 80
(1, 0) (2, 0) 50
(1, 0) (1, 1) 60
(1, 1) (2, 1) 50
(1, 1) (1, 2) 70
(1, 2) (2, 2) 50
(1, 2) (1, 3) 90
(1, 3) (2, 3) 70
(1, 3) (1, 4) 90
(1, 4) (2, 4) 60
(1, 4) (1, 5) 90
(1, 5) (2, 5) 70
(1, 5) (1, 6) 60
(1, 6) (2, 6) 80
(1, 6) (1, 7) 50
(1, 7) (2, 7) 60
(1, 7) (1, 8) 50
(1, 8) (2, 8) 80
(1, 8) (1, 9) 60
(1, 9) (2, 9) 60
(1, 9) (1, 10) 50
(1, 10) (2, 10) 90
(1, 10) (1, 11) 80
(1, 11) (2, 11) 80
(1, 11) (1, 12) 90
(1, 12) (2, 12) 70
(1, 12) (1, 13) 90
(1, 13) (2, 13) 60
(1, 13) (1, 14) 70
(1, 14) (2, 14) 50
(1, 14) (1, 15) 90
(1, 15) (2, 15) 60
(1, 15) (1, 16) 70
(1, 16) (2, 16) 50
(1, 16) (1, 17) 50
(1, 17) (2, 17) 90
(1, 17) (1, 18) 60
(1, 18) (2, 18) 80
(1, 18) (1, 19) 90
(1, 19) (2, 19) 90
(1, 19) (1, 20) 50
(1, 20) (2, 20) 50
(1, 20) (1, 21) 50
(1, 21) (2, 21) 50
(1, 21) (1, 22) 80
(1, 22) (2, 22) 60
(1, 22) (1, 23) 60
(1, 23) (2, 23) 60
(1, 23) (1, 24) 90
(1, 24) (2, 24) 80
(1, 24) (1, 25) 90
(1, 25) (2, 25) 70
(1, 25) (1, 26) 70
(1, 26) (2, 26) 60
(1, 26) (1, 27) 90
(1, 27) (2, 27) 60
(1, 27) (1, 28) 60
(1, 28) (2, 28) 50
(1, 28) (1, 29) 80
(1, 29) (2, 29) 70
(2, 0) (3, 0) 70
(2, 0) (2, 1) 50
(2, 1) (3, 1) 50
(2, 1) (2, 2) 80
(2, 2) (3, 2) 80
(2, 2) (2, 3) 90
(2, 3) (3, 3) 80
(2, 3) (2, 4) 80
(2, 4) (3, 4) 50
(2, 4) (2, 5) 90
(2, 5) (3, 5) 70
(2, 5) (2, 6) 70
(2, 6) (3, 6) 60
(2, 6) (2, 7) 60
(2, 7) (3, 7) 80
(2, 7) (2, 8) 50
(2, 8) (3, 8) 90
(2, 8) (2, 9) 90
(2, 9) (3, 9) 50
(2, 9) (2, 10) 60
(2, 10) (3, 10) 70
(2, 10) (2, 11) 60
(2, 11) (3, 11) 60
(2, 11) (2, 12) 80
(2, 12) (3, 12) 50
(2, 12) (2, 13) 80
(2, 13) (3, 13) 90
(2, 13) (2, 14) 60
(2, 14) (3, 14) 60
(2, 14) (2, 15) 90
(2, 15) (3, 15) 90
(2, 15) (2, 16) 60
(2, 16) (3, 16) 90
(2, 16) (2, 17) 90
(2, 17) (3, 17) 90
(2, 17) (2, 18) 80
(2, 18) (3, 18) 80
(2, 18) (2, 19) 60
(2, 19) (3, 19) 80
(2, 19) (2, 20) 50
(2, 20) (3, 20) 90
(2, 20) (2, 21) 70
(2, 21) (3, 21) 60
(2, 21) (2, 22) 90
(2, 22) (3, 22) 60
(2, 22) (2, 23) 50
(2, 23) (3, 23) 50
(2, 23) (2, 24) 80
(2, 24) (3, 24) 60
(2, 24) (2, 25) 80
(2, 25) (3, 25) 50
(2, 25) (2, 26) 90
(2, 26) (3, 26) 80
(2, 26) (2, 27) 80
(2, 27) (3, 27) 80
(2, 27) (2, 28) 90
(2, 28) (3, 28) 60
(2, 28) (2, 29) 50
(2, 29) (3, 29) 90
(3, 0) (4, 0) 60
(3, 0) (3, 1) 90
(3, 1) (4, 1) 70
(3, 1) (3, 2) 60
(3, 2) (4, 2) 60
(3, 2) (3, 3) 50
(3, 3) (4, 3) 50
(3, 3) (3, 4) 70
(3, 4) (4, 4) 50
(3, 4) (3, 5) 60
(3, 5) (4, 5) 80
(3, 5) (3, 6) 70
(3, 6) (4, 6) 80
(3, 6) (3, 7) 70
(3, 7) (4, 7) 80
(3, 7) (3, 8) 50
(3, 8) (4, 8) 60
(3, 8) (3, 9) 50
(3, 9) (4, 9) 60
(3, 9) (3, 10) 70
(3, 10) (4, 10) 50
(3, 10) (3, 11) 80
(3, 11) (4, 11) 80
(3, 11) (3, 12) 70
(3, 12) (4, 12) 80
(3, 12) (3, 13) 90
(3, 13) (4, 13) 90
(3, 13) (3, 14) 70
(3, 14) (4, 14) 50
(3, 14) (3, 15) 80
(3, 15) (4, 15) 60
(3, 15) (3, 16) 60
(3, 16) (4, 16) 70
(3, 16) (3, 17) 90
(3, 17) (4, 17) 60
(3, 17) (3, 18) 70
(3, 18) (4, 18) 90
(3, 18) (3, 19) 90
(3, 19) (4, 19) 60
(3, 19) (3, 20) 50
(3, 20) (4, 20) 90
(3, 20) (3, 21) 50
(3, 21) (4, 21) 90
(3, 21) (3, 22) 50
(3, 22) (4, 22) 90
(3, 22) (3, 23) 80
(3, 23) (4, 23) 80
(3, 23) (3, 24) 90
(3, 24) (4, 24) 80
(3, 24) (3, 25) 60
(3, 25) (4, 25) 90
(3, 25) (3, 26) 70
(3, 26) (4, 26) 50
(3, 26) (3, 27) 70
(3, 27) (4, 27) 90
(3, 27) (3, 28) 90
(3, 28) (4, 28) 70
(3, 28) (3, 29) 90
(3, 29) (4, 29) 90
(4, 0) (5, 0) 70
(4, 0) (4, 1) 60
(4, 1) (5, 1) 60
(4, 1) (4, 2) 70
(4, 2) (5, 2) 60
(4, 2) (4, 3) 90
(4, 3) (5, 3) 70
(4, 3) (4, 4) 70
(4, 4) (5, 4) 50
(4, 4) (4, 5) 50
(4, 5) (5, 5) 80
(4, 5) (4, 6) 80
(4, 6) (5, 6) 50
(4, 6) (4, 7) 60
(4, 7) (5, 7) 70
(4, 7) (4, 8) 70
(4, 8) (5, 8) 60
(4, 8) (4, 9) 90
(4, 9) (5, 9) 50
(4, 9) (4, 10) 60
(4, 10) (5, 10) 80
(4, 10) (4, 11) 80
(4, 11) (5, 11) 70
(4, 11) (4, 12) 70
(4, 12) (5, 12) 50
(4, 12) (4, 13) 70
(4, 13) (5, 13) 80
(4, 13) (4, 14) 60
(4, 14) (5, 14) 60
(4, 14) (4, 15) 50
(4, 15) (5, 15) 60
(4, 15) (4, 16) 90
(4, 16) (5, 16) 80
(4, 16) (4, 17) 60
(4, 17) (5, 17) 50
(4, 17) (4, 18) 60
(4, 18) (5, 18) 60
(4, 18) (4, 19) 90
(4, 19) (5, 19) 90
(4, 19) (4, 20) 60
(4, 20) (5, 20) 90
(4, 20) (4, 21) 50
(4, 21) (5, 21) 60
(4, 21) (4, 22) 80
(4, 22) (5, 22) 50
(4, 22) (4, 23) 60
(4, 23) (5, 23) 70
(4, 23) (4, 24) 60
(4, 24) (5, 24) 80
(4, 24) (4, 25) 60
(4, 25) (5, 25) 50
(4, 25) (4, 26) 80
(4, 26) (5, 26) 60
(4, 26) (4, 27) 90
(4, 27) (5, 27) 80
(4, 27) (4, 28) 60
(4, 28) (5, 28) 50
(4, 28) (4, 29) 90
(4, 29) (5, 29) 90
(5, 0) (6, 0) 70
(5, 0) (5, 1) 70
(5, 1) (6, 1) 60
(5, 1) (5, 2) 60
(5, 2) (6, 2) 60
(5, 2) (5, 3) 80
(5, 3) (6, 3) 60
(5, 3) (5, 4) 70
(5, 4) (6, 4) 50
(5, 4) (5, 5) 50
(5, 5) (6, 5) 90
(5, 5) (5, 6) 90
(5, 6) (6, 6) 70
(5, 6) (5, 7) 80
(5, 7) (6, 7) 80
(5, 7) (5, 8) 50
(5, 8) (6, 8) 60
(5, 8) (5, 9) 60
(5, 9) (6, 9) 90
(5, 9) (5, 10) 70
(5, 10) (6, 10) 50
(5, 10) (5, 11) 60
(5, 11) (6, 11) 60
(5, 11) (5, 12) 70
(5, 12) (6, 12) 70
(5, 12) (5, 13) 60
(5, 13) (6, 13) 70
(5, 13) (5, 14) 50
(5, 14) (6, 14) 90
(5, 14) (5, 15) 60
(5, 15) (6, 15) 70
(5, 15) (5, 16) 60
(5, 16) (6, 16) 60
(5, 16) (5, 17) 80
(5, 17) (6, 17) 80
(5, 17) (5, 18) 90
(5, 18) (6, 18) 70
(5, 18) (5, 19) 70
(5, 19) (6, 19) 60
(5, 19) (5, 20) 60
(5, 20) (6, 20) 70
(5, 20) (5, 21) 80
(5, 21) (6, 21) 80
(5, 21) (5, 22) 90
(5, 22) (6, 22) 50
(5, 22) (5, 23) 70
(5, 23) (6, 23) 70
(5, 23) (5, 24) 70
(5, 24) (6, 24) 80
(5, 24) (5, 25) 80
(5, 25) (6, 25) 60
(5, 25) (5, 26) 90
(5, 26) (6, 26) 90
(5, 26) (5, 27) 70
(5, 27) (6, 27) 60
(5, 27) (5, 28) 50
(5, 28) (6, 28) 80
(5, 28) (5, 29) 80
(5, 29) (6, 29) 60
(6, 0) (7, 0) 60
(6, 0) (6, 1) 70
(6, 1) (7, 1) 80
(6, 1) (6, 2) 80
(6, 2) (7, 2) 50
(6, 2) (6, 3) 90
(6, 3) (7, 3) 50
(6, 3) (6, 4) 60
(6, 4) (7, 4) 80
(6, 4) (6, 5) 80
(6, 5) (7, 5) 50
(6, 5) (6, 6) 70
(6, 6) (7, 6) 70
(6, 6) (6, 7) 70
(6, 7) (7, 7) 60
(6, 7) (6, 8) 60
(6, 8) (7, 8) 60
(6, 8) (6, 9) 80
(6, 9) (7, 9) 90
(6, 9) (6, 10) 60
(6, 10) (7, 10) 70
(6, 10) (6, 11) 60
(6, 11) (7, 11) 60
(6, 11) (6, 12) 50
(6, 12) (7, 12) 70
(6, 12) (6, 13) 90
(6, 13) (7, 13) 90
(6, 13) (6, 14) 80
(6, 14) (7, 14) 60
(6, 14) (6, 15) 60
(6, 15) (7, 15) 50
(6, 15) (6, 16) 90
(6, 16) (7, 16) 70
(6, 16) (6, 17) 70
(6, 17) (7, 17) 50
(6, 17) (6, 18) 60
(6, 18) (7, 18) 50
(6, 18) (6, 19) 50
(6, 19) (7, 19) 60
(6, 19) (6, 20) 50
(6, 20) (7, 20) 80
(6, 20) (6, 21) 70
(6, 21) (7, 21) 80
(6, 21) (6, 22) 50
(6, 22) (7, 22) 50
(6, 22) (6, 23) 90
(6, 23) (7, 23) 60
(6, 23) (6, 24) 90
(6, 24) (7, 24) 60
(6, 24) (6, 25) 90
(6, 25) (7, 25) 90
(6, 25) (6, 26) 70
(6, 26) (7, 26) 90
(6, 26) (6, 27) 80
(6, 27) (7, 27) 60
(6, 27) (6, 28) 60
(6, 28) (7, 28) 70
(6, 28) (6, 29) 70
(6, 29) (7, 29) 80
(7, 0) (8, 0) 50
(7, 0) (7, 1) 60
(7, 1) (8, 1) 70
(7, 1) (7, 2) 70
(7, 2) (8, 2) 60
(7, 2) (7, 3) 70
(7, 3) (8, 3) 90
(7, 3) (7, 4) 70
(7, 4) (8, 4) 70
(7, 4) (7, 5) 70
(7, 5) (8, 5) 50
(7, 5) (7, 6) 80
(7, 6) (8, 6) 70
(7, 6) (7, 7) 90
(7, 7) (8, 7) 70
(7, 7) (7, 8) 90
(7, 8) (8, 8) 80
(7, 8) (7, 9) 80
(7, 9) (8, 9) 70
(7, 9) (7, 10) 90
(7, 10) (8, 10) 90
(7, 10) (7, 11) 50
(7, 11) (8, 11) 80
(7, 11) (7, 12) 70
(7, 12) (8, 12) 60
(7, 12) (7, 13) 90
(7, 13) (8, 13) 80
(7, 13) (7, 14) 60
(7, 14) (8, 14) 50
(7, 14) (7, 15) 60
(7, 15) (8, 15) 80
(7, 15) (7, 16) 90
(7, 16) (8, 16) 60
(7, 16) (7, 17) 60
(7, 17) (8, 17) 70
(7, 17) (7, 18) 50
(7, 18) (8, 18) 50
(7, 18) (7, 19) 80
(7, 19) (8, 19) 80
(7, 19) (7, 20) 80
(7, 20) (8, 20) 70
(7, 20) (7, 21) 90
(7, 21) (8, 21) 90
(7, 21) (7, 22) 90
(7, 22) (8, 22) 80
(7, 22) (7, 23) 80
(7, 23) (8, 23) 70
(7, 23) (7, 24) 70
(7, 24) (8, 24) 80
(7, 24) (7, 25) 80
(7, 25) (8, 25) 90
(7, 25) (7, 26) 70
(7, 26) (8, 26) 70
(7, 26) (7, 27) 90
(7, 27) (8, 27) 90
(7, 27) (7, 28) 70
(7, 28) (8, 28) 70
(7, 28) (7, 29) 70
(7, 29) (8, 29) 70
(8, 0) (9, 0) 70
(8, 0) (8, 1) 90
(8, 1) (9, 1) 80
(8, 1) (8, 2) 50
(8, 2) (9, 2) 80
(8, 2) (8, 3) 80
(8, 3) (9, 3) 90
(8, 3) (8, 4) 70
(8, 4) (9, 4) 50
(8, 4) (8, 5) 90
(8, 5) (9, 5) 90
(8, 5) (8, 6) 60
(8, 6) (9, 6) 60
(8, 6) (8, 7) 60
(8, 7) (9, 7) 90
(8, 7) (8, 8) 80
(8, 8) (9, 8) 80
(8, 8) (8, 9) 50
(8, 9) (9, 9) 70
(8, 9) (8, 10) 60
(8, 10) (9, 10) 80
(8, 10) (8, 11) 80
(8, 11) (9, 11) 60
(8, 11) (8, 12) 80
(8, 12) (9, 12) 70
(8, 12) (8, 13) 70
(8, 13) (9, 13) 70
(8, 13) (8, 14) 70
(8, 14) (9, 14) 90
(8, 14) (8, 15) 70
(8, 15) (9, 15) 70
(8, 15) (8, 16) 80
(8, 16) (9, 16) 90
(8, 16) (8, 17) 90
(8, 17) (9, 17) 70
(8, 17) (8, 18) 70
(8, 18) (9, 18) 70
(8, 18) (8, 19) 60
(8, 19) (9, 19) 50
(8, 19) (8, 20) 50
(8, 20) (9, 20) 80
(8, 20) (8, 21) 50
(8, 21) (9, 21) 90
(8, 21) (8, 22) 60
(8, 22) (9, 22) 90
(8, 22) (8, 23) 60
(8, 23) (9, 23) 90
(8, 23) (8, 24) 90
(8, 24) (9, 24) 80
(8, 24) (8, 25) 50
(8, 25) (9, 25) 60
(8, 25) (8, 26) 50
(8, 26) (9, 26) 80
(8, 26) (8, 27) 50
(8, 27) (9, 27) 90
(8, 27) (8, 28) 50
(8, 28) (9, 28) 50
(8, 28) (8, 29) 70
(8, 29) (9, 29) 50
(9, 0) (10, 0) 80
(9, 0) (9, 1) 50
(9, 1) (10, 1) 80
(9, 1) (9, 2) 50
(9, 2) (10, 2) 50
(9, 2) (9, 3) 90
(9, 3) (10, 3) 50
(9, 3) (9, 4) 90
(9, 4) (10, 4) 60
(9, 4) (9, 5) 90
(9, 5) (10, 5) 90
(9, 5) (9, 6) 50
(9, 6) (10, 6) 80
(9, 6) (9, 7) 90
(9, 7) (10, 7) 90
(9, 7) (9, 8) 90
(9, 8) (10, 8) 60
(9, 8) (9, 9) 80
(9, 9) (10, 9) 70
(9, 9) (9, 10) 50
(9, 10) (10, 10) 60
(9, 10) (9, 11) 80
(9, 11) (10, 11) 60
(9, 11) (9, 12) 60
(9, 12) (10, 12) 90
(9, 12) (9, 13) 70
(9, 13) (10, 13) 50
(9, 13) (9, 14) 90
(9, 14) (10, 14) 60
(9, 14) (9, 15) 60
(9, 15) (10, 15) 50
(9, 15) (9, 16) 70
(9, 16) (10, 16) 60
(9, 16) (9, 17) 80
(9, 17) (10, 17) 80
(9, 17) (9, 18) 80
(9, 18) (10, 18) 50
(9, 18) (9, 19) 60
(9, 19) (10, 19) 80
(9, 19) (9, 20) 70
(9, 20) (10, 20) 80
(9, 20) (9, 21) 80
(9, 21) (10, 21) 70
(9, 21) (9, 22) 60
(9, 22) (10, 22) 60
(9, 22) (9, 23) 90
(9, 23) (10, 23) 80
(9, 23) (9, 24) 80
(9, 24) (10, 24) 90
(9, 24) (9, 25) 70
(9, 25) (10, 25) 60
(9, 25) (9, 26) 60
(9, 26) (10, 26) 80
(9, 26) (9, 27) 90
(9, 27) (10, 27) 90
(9, 27) (9, 28) 50
(9, 28) (10, 28) 90
(9, 28) (9, 29) 90
(9, 29) (10, 29) 70
(10, 0) (11, 0) 50
(10, 0) (10, 1) 50
(10, 1) (11, 1) 90
(10, 1) (10, 2) 70
(10, 2) (11, 2) 50
(10, 2) (10, 3) 90
(10, 3) (11, 3) 50
(10, 3) (10, 4) 80
(10, 4) (11, 4) 90
(10, 4) (10, 5) 90
(10, 5) (11, 5) 60
(10, 5) (10, 6) 80
(10, 6) (11, 6) 90
(10, 6) (10, 7) 50
(10, 7) (11, 7) 70
(10, 7) (10, 8) 80
(10, 8) (11, 8) 60
(10, 8) (10, 9) 50
(10, 9) (11, 9) 50
(10, 9) (10, 10) 60
(10, 10) (11, 10) 50
(10, 10) (10, 11) 70
(10, 11) (11, 11) 90
(10, 11) (10, 12) 60
(10, 12) (11, 12) 50
(10, 12) (10, 13) 50
(10, 13) (11, 13) 60
(10, 13) (10, 14) 80
(10, 14) (11, 14) 70
(10, 14) (10, 15) 50
(10, 15) (11, 15) 70
(10, 15) (10, 16) 50
(10, 16) (11, 16) 50
(10, 16) (10, 17) 70
(10, 17) (11, 17) 80
(10, 17) (10, 18) 60
(10, 18) (11, 18) 80
(10, 18) (10, 19) 50
(10, 19) (11, 19) 80
(10, 19) (10, 20) 70
(10, 20) (11, 20) 80
(10, 20) (10, 21) 90
(10, 21) (11, 21) 50
(10, 21) (10, 22) 70
(10, 22) (11, 22) 70
(10, 22) (10, 23) 90
(10, 23) (11, 23) 80
(10, 23) (10, 24) 70
(10, 24) (11, 24) 60
(10, 24) (10, 25) 50
(10, 25) (11, 25) 60
(10, 25) (10, 26) 70
(10, 26) (11, 26) 90
(10, 26) (10, 27) 70
(10, 27) (11, 27) 70
(10, 27) (10, 28) 80
(10, 28) (11, 28) 80
(10, 28) (10, 29) 50
(10, 29) (11, 29) 50
(11, 0) (12, 0) 50
(11, 0) (11, 1) 90
(11, 1) (12, 1) 80
(11, 1) (11, 2) 50
(11, 2) (12, 2) 80
(11, 2) (11, 3) 80
(11, 3) (12, 3) 70
(11, 3) (11, 4) 50
(11, 4) (12, 4) 50
(11, 4) (11, 5) 80
(11, 5) (12, 5) 50
(11, 5) (11, 6) 60
(11, 6) (12, 6) 50
(11, 6) (11, 7) 70
(11, 7) (12, 7) 80
(11, 7) (11, 8) 90
(11, 8) (12, 8) 80
(11, 8) (11, 9) 70
(11, 9) (12, 9) 90
(11, 9) (11, 10) 70
(11, 10) (12, 10) 60
(11, 10) (11, 11) 90
(11, 11) (12, 11) 70
(11, 11) (11, 12) 70
(11, 12) (12, 12) 90
(11, 12) (11, 13) 90
(11, 13) (12, 13) 70
(11, 13) (11, 14) 70
(11, 14) (12, 14) 90
(11, 14) (11, 15) 90
(11, 15) (12, 15) 60
(11, 15) (11, 16) 60
(11, 16) (12, 16) 70
(11, 16) (11, 17) 80
(11, 17) (12, 17) 90
(11, 17) (11, 18) 80
(11, 18) (12, 18) 60
(11, 18) (11, 19) 70
(11, 19) (12, 19) 70
(11, 19) (11, 20) 90
(11, 20) (12, 20) 60
(11, 20) (11, 21) 70
(11, 21) (12, 21) 60
(11, 21) (11, 22) 90
(11, 22) (12, 22) 50
(11, 22) (11, 23) 80
(11, 23) (12, 23) 90
(11, 23) (11, 24) 70
(11, 24) (12, 24) 80
(11, 24) (11, 25) 80
(11, 25) (12, 25) 60
(11, 25) (11, 26) 50
(11, 26) (12, 26) 60
(11, 26) (11, 27) 90
(11, 27) (12, 27) 70
(11, 27) (11, 28) 70
(11, 28) (12, 28) 80
(11, 28) (11, 29) 80
(11, 29) (12, 29) 60
(12, 0) (13, 0) 60
(12, 0) (12, 1) 70
(12, 1) (13, 1) 70
(12, 1) (12, 2) 80
(12, 2) (13, 2) 70
(12, 2) (12, 3) 50
(12, 3) (13, 3) 70
(12, 3) (12, 4) 50
(12, 4) (13, 4) 50
(12, 4) (12, 5) 60
(12, 5) (13, 5) 80
(12, 5) (12, 6) 80
(12, 6) (13, 6) 50
(12, 6) (12, 7) 80
(12, 7) (13, 7) 70
(12, 7) (12, 8) 90
(12, 8) (13, 8) 70
(12, 8) (12, 9) 60
(12, 9) (13, 9) 60
(12, 9) (12, 10) 90
(12, 10) (13, 10) 90
(12, 10) (12, 11) 90
(12, 11) (13, 11) 70
(12, 11) (12, 12) 60
(12, 12) (13, 12) 80
(12, 12) (12, 13) 60
(12, 13) (13, 13) 60
(12, 13) (12, 14) 50
(12, 14) (13, 14) 90
(12, 14) (12, 15) 70
(12, 15) (13, 15) 50
(12, 15) (12, 16) 80
(12, 16) (13, 16) 70
(12, 16) (12, 17) 60
(12, 17) (13, 17) 50
(12, 17) (12, 18) 50
(12, 18) (13, 18) 50
(12, 18) (12, 19) 50
(12, 19) (13, 19) 70
(12, 19) (12, 20) 50
(12, 20) (13, 20) 70
(12, 20) (12, 21) 70
(12, 21) (13, 21) 70
(12, 21) (12, 22) 60
(12, 22) (13, 22) 60
(12, 22) (12, 23) 80
(12, 23) (13, 23) 70
(12, 23) (12, 24) 90
(12, 24) (13, 24) 70
(12, 24) (12, 25) 80
(12, 25) (13, 25) 50
(12, 25) (12, 26) 50
(12, 26) (13, 26) 80
(12, 26) (12, 27) 50
(12, 27) (13, 27) 70
(12, 27) (12, 28) 70
(12, 28) (13, 28) 60
(12, 28) (12, 29) 70
(12, 29) (13, 29) 90
(13, 0) (14, 0) 60
(13, 0) (13, 1) 70
(13, 1) (14, 1) 50
(13, 1) (13, 2) 50
(13, 2) (14, 2) 70
(13, 2) (13, 3) 60
(13, 3) (14, 3) 70
(13, 3) (13, 4) 70
(13, 4) (14, 4) 80
(13, 4) (13, 5) 70
(13, 5) (14, 5) 90
(13, 5) (13, 6) 70
(13, 6) (14, 6) 50
(13, 6) (13, 7) 80
(13, 7) (14, 7) 60
(13, 7) (13, 8) 80
(13, 8) (14, 8) 50
(13, 8) (13, 9) 70
(13, 9) (14, 9) 80
(13, 9) (13, 10) 80
(13, 10) (14, 10) 60
(13, 10) (13, 11) 70
(13, 11) (14, 11) 50
(13, 11) (13, 12) 90
(13, 12) (14, 12) 90
(13, 12) (13, 13) 70
(13, 13) (14, 13) 70
(13, 13) (13, 14) 90
(13, 14) (14, 14) 80
(13, 14) (13, 15) 90
(13, 15) (14, 15) 60
(13, 15) (13, 16) 60
(13, 16) (14, 16) 50
(13, 16) (13, 17) 60
(13, 17) (14, 17) 80
(13, 17) (13, 18) 60
(13, 18) (14, 18) 70
(13, 18) (13, 19) 60
(13, 19) (14, 19) 60
(13, 19) (13, 20) 90
(13, 20) (14, 20) 50
(13, 20) (13, 21) 50
(13, 21) (14, 21) 70
(13, 21) (13, 22) 60
(13, 22) (14, 22) 80
(13, 22) (13, 23) 70
(13, 23) (14, 23) 90
(13, 23) (13, 24) 80
(13, 24) (14, 24) 70
(13, 24) (13, 25) 60
(13, 25) (14, 25) 50
(13, 25) (13, 26) 90
(13, 26) (14, 26) 80
(13, 26) (13, 27) 50
(13, 27) (14, 27) 60
(13, 27) (13, 28) 60
(13, 28) (14, 28) 50
(13, 28) (13, 29) 50
(13, 29) (14, 29) 60
(14, 0) (15, 0) 80
(14, 0) (14, 1) 70
(14, 1) (15, 1) 80
(14, 1) (14, 2) 80
(14, 2) (15, 2) 90
(14, 2) (14, 3) 60
(14, 3) (15, 3) 90
(14, 3) (14, 4) 60
(14, 4) (15, 4) 90
(14, 4) (14, 5) 60
(14, 5) (15, 5) 60
(14, 5) (14, 6) 50
(14, 6) (15, 6) 90
(14, 6) (14, 7) 70
(14, 7) (15, 7) 50
(14, 7) (14, 8) 50
(14, 8) (15, 8) 90
(14, 8) (14, 9) 80
(14, 9) (15, 9) 90
(14, 9) (14, 10) 90
(14, 10) (15, 10) 50
(14, 10) (14, 11) 50
(14, 11) (15, 11) 90
(14, 11) (14, 12) 50
(14, 12) (15, 12) 50
(14, 12) (14, 13) 60
(14, 13) (15, 13) 90
(14, 13) (14, 14) 70
(14, 14) (15, 14) 70
(14, 14) (14, 15) 50
(14, 15) (15, 15) 50
(14, 15) (14, 16) 70
(14, 16) (15, 16) 80
(14, 16) (14, 17) 70
(14, 17) (15, 17) 80
(14, 17) (14, 18) 80
(14, 18) (15, 18) 60
(14, 18) (14, 19) 70
(14, 19) (15, 19) 60
(14, 19) (14, 20) 50
(14, 20) (15, 20) 80
(14, 20) (14, 21) 50
(14, 21) (15, 21) 50
(14, 21) (14, 22) 50
(14, 22) (15, 22) 50
(14, 22) (14, 23) 90
(14, 23) (15, 23) 50
(14, 23) (14, 24) 90
(14, 24) (15, 24) 50
(14, 24) (14, 25) 80
(14, 25) (15, 25) 70
(14, 25) (14, 26) 80
(14, 26) (15, 26) 60
(14, 26) (14, 27) 70
(14, 27) (15, 27) 80
(14, 27) (14, 28) 50
(14, 28) (15, 28) 80
(14, 28) (14, 29) 70
(14, 29) (15, 29) 70
(15, 0) (16, 0) 60
(15, 0) (15, 1) 80
(15, 1) (16, 1) 90
(15, 1) (15, 2) 60
(15, 2) (16, 2) 50
(15, 2) (15, 3) 90
(15, 3) (16, 3) 50
(15, 3) (15, 4) 60
(15, 4) (16, 4) 90
(15, 4) (15, 5) 80
(15, 5) (16, 5) 90
(15, 5) (15, 6) 60
(15, 6) (16, 6) 50
(15, 6) (15, 7) 70
(15, 7) (16, 7) 90
(15, 7) (15, 8) 80
(15, 8) (16, 8) 90
(15, 8) (15, 9) 70
(15, 9) (16, 9) 90
(15, 9) (15, 10) 80
(15, 10) (16, 10) 60
(15, 10) (15, 11) 50
(15, 11) (16, 11) 80
(15, 11) (15, 12) 50
(15, 12) (16, 12) 80
(15, 12) (15, 13) 50
(15, 13) (16, 13) 60
(15, 13) (15, 14) 60
(15, 14) (16, 14) 70
(15, 14) (15, 15) 70
(15, 15) (16, 15) 50
(15, 15) (15, 16) 50
(15, 16) (16, 16) 50
(15, 16) (15, 17) 90
(15, 17) (16, 17) 50
(15, 17) (15, 18) 60
(15, 18) (16, 18) 70
(15, 18) (15, 19) 70
(15, 19) (16, 19) 50
(15, 19) (15, 20) 90
(15, 20) (16, 20) 90
(15, 20) (15, 21) 70
(15, 21) (16, 21) 90
(15, 21) (15, 22) 90
(15, 22) (16, 22) 80
(15, 22) (15, 23) 60
(15, 23) (16, 23) 90
(15, 23) (15, 24) 70
(15, 24) (16, 24) 90
(15, 24) (15, 25) 50
(15, 25) (16, 25) 50
(15, 25) (15, 26) 50
(15, 26) (16, 26) 90
(15, 26) (15, 27) 60
(15, 27) (16, 27) 70
(15, 27) (15, 28) 90
(15, 28) (16, 28) 50
(15, 28) (15, 29) 70
(15, 29) (16, 29) 90
(16, 0) (17, 0) 80
(16, 0) (16, 1) 70
(16, 1) (17, 1) 80
(16, 1) (16, 2) 60
(16, 2) (17, 2) 70
(16, 2) (16, 3) 90
(16, 3) (17, 3) 50
(16, 3) (16, 4) 80
(16, 4) (17, 4) 50
(16, 4) (16, 5) 90
(16, 5) (17, 5) 80
(16, 5) (16, 6) 50
(16, 6) (17, 6) 60
(16, 6) (16, 7) 60
(16, 7) (17, 7) 70
(16, 7) (16, 8) 60
(16, 8) (17, 8) 60
(16, 8) (16, 9) 60
(16, 9) (17, 9) 80
(16, 9) (16, 10) 50
(16, 10) (17, 10) 70
(16, 10) (16, 11) 70
(16, 11) (17, 11) 50
(16, 11) (16, 12) 90
(16, 12) (17, 12) 60
(16, 12) (16, 13) 90
(16, 13) (17, 13) 70
(16, 13) (16, 14) 90
(16, 14) (17, 14) 90
(16, 14) (16, 15) 50
(16, 15) (17, 15) 70
(16, 15) (16, 16) 50
(16, 16) (17, 16) 50
(16, 16) (16, 17) 90
(16, 17) (17, 17) 60
(16, 17) (16, 18) 60
(16, 18) (17, 18) 60
(16, 18) (16, 19) 50
(16, 19) (17, 19) 70
(16, 19) (16, 20) 60
(16, 20) (17, 20) 50
(16, 20) (16, 21) 60
(16, 21) (17, 21) 60
(16, 21) (16, 22) 50
(16, 22) (17, 22) 50
(16, 22) (16, 23) 80
(16, 23) (17, 23) 80
(16, 23) (16, 24) 50
(16, 24) (17, 24) 80
(16, 24) (16, 25) 80
(16, 25) (17, 25) 80
(16, 25) (16, 26) 70
(16, 26) (17, 26) 70
(16, 26) (16, 27) 80
(16, 27) (17, 27) 50
(16, 27) (16, 28) 60
(16, 28) (17, 28) 90
(16, 28) (16, 29) 90
(16, 29) (17, 29) 60
(17, 0) (18, 0) 50
(17, 0) (17, 1) 90
(17, 1) (18, 1) 90
(17, 1) (17, 2) 90
(17, 2) (18, 2) 70
(17, 2) (17, 3) 70
(17, 3) (18, 3) 50
(17, 3) (17, 4) 70
(17, 4) (18, 4) 70
(17, 4) (17, 5) 60
(17, 5) (18, 5) 60
(17, 5) (17, 6) 70
(17, 6) (18, 6) 90
(17, 6) (17, 7) 60
(17, 7) (18, 7) 50
(17, 7) (17, 8) 50
(17, 8) (18, 8) 90
(17, 8) (17, 9) 50
(17, 9) (18, 9) 90
(17, 9) (17, 10) 80
(17, 10) (18, 10) 70
(17, 10) (17, 11) 50
(17, 11) (18, 11) 90
(17, 11) (17, 12) 80
(17, 12) (18, 12) 50
(17, 12) (17, 13) 60
(17, 13) (18, 13) 90
(17, 13) (17, 14) 80
(17, 14) (18, 14) 80
(17, 14) (17, 15) 90
(17, 15) (18, 15) 50
(17, 15) (17, 16) 90
(17, 16) (18, 16) 80
(17, 16) (17, 17) 60
(17, 17) (18, 17) 90
(17, 17) (17, 18) 50
(17, 18) (18, 18) 80
(17, 18) (17, 19) 50
(17, 19) (18, 19) 90
(17, 19) (17, 20) 70
(17, 20) (18, 20) 60
(17, 20) (17, 21) 50
(17, 21) (18, 21) 80
(17, 21) (17, 22) 70
(17, 22) (18, 22) 90
(17, 22) (17, 23) 90
(17, 23) (18, 23) 70
(17, 23) (17, 24) 50
(17, 24) (18, 24) 80
(17, 24) (17, 25) 50
(17, 25) (18, 25) 80
(17, 25) (17, 26) 90
(17, 26) (18, 26) 80
(17, 26) (17, 27) 80
(17, 27) (18, 27) 60
(17, 27) (17, 28) 70
(17, 28) (18, 28) 90
(17, 28) (17, 29) 80
(17, 29) (18, 29) 60
(18, 0) (19, 0) 50
(18, 0) (18, 1) 50
(18, 1) (19, 1) 50
(18, 1) (18, 2) 70
(18, 2) (19, 2) 50
(18, 2) (18, 3) 90
(18, 3) (19, 3) 80
(18, 3) (18, 4) 60
(18, 4) (19, 4) 90
(18, 4) (18, 5) 90
(18, 5) (19, 5) 90
(18, 5) (18, 6) 80
(18, 6) (19, 6) 50
(18, 6) (18, 7) 50
(18, 7) (19, 7) 90
(18, 7) (18, 8) 50
(18, 8) (19, 8) 70
(18, 8) (18, 9) 90
(18, 9) (19, 9) 90
(18, 9) (18, 10) 80
(18, 10) (19, 10) 50
(18, 10) (18, 11) 70
(18, 11) (19, 11) 80
(18, 11) (18, 12) 80
(18, 12) (19, 12) 50
(18, 12) (18, 13) 80
(18, 13) (19, 13) 70
(18, 13) (18, 14) 60
(18, 14) (19, 14) 90
(18, 14) (18, 15) 50
(18, 15) (19, 15) 50
(18, 15) (18, 16) 60
(18, 16) (19, 16) 80
(18, 16) (18, 17) 50
(18, 17) (19, 17) 50
(18, 17) (18, 18) 90
(18, 18) (19, 18) 90
(18, 18) (18, 19) 90
(18, 19) (19, 19) 90
(18, 19) (18, 20) 60
(18, 20) (19, 20) 80
(18, 20) (18, 21) 90
(18, 21) (19, 21) 60
(18, 21) (18, 22) 60
(18, 22) (19, 22) 80
(18, 22) (18, 23) 50
(18, 23) (19, 23) 60
(18, 23) (18, 24) 50
(18, 24) (19, 24) 90
(18, 24) (18, 25) 90
(18, 25) (19, 25) 70
(18, 25) (18, 26) 60
(18, 26) (19, 26) 70
(18, 26) (18, 27) 70
(18, 27) (19, 27) 70
(18, 27) (18, 28) 50
(18, 28) (19, 28) 90
(18, 28) (18, 29) 60
(18, 29) (19, 29) 60
(19, 0) (20, 0) 70
(19, 0) (19, 1) 50
(19, 1) (20, 1) 80
(19, 1) (19, 2) 80
(19, 2) (20, 2) 70
(19, 2) (19, 3) 70
(19, 3) (20, 3) 80
(19, 3) (19, 4) 60
(19, 4) (20, 4) 50
(19, 4) (19, 5) 70
(19, 5) (20, 5) 80
(19, 5) (19, 6) 80
(19, 6) (20, 6) 90
(19, 6) (19, 7) 70
(19, 7) (20, 7) 60
(19, 7) (19, 8) 50
(19, 8) (20, 8) 90
(19, 8) (19, 9) 60
(19, 9) (20, 9) 70
(19, 9) (19, 10) 90
(19, 10) (20, 10) 60
(19, 10) (19, 11) 80
(19, 11) (20, 11) 90
(19, 11) (19, 12) 90
(19, 12) (20, 12) 50
(19, 12) (19, 13) 50
(19, 13) (20, 13) 90
(19, 13) (19, 14) 70
(19, 14) (20, 14) 50
(19, 14) (19, 15) 90
(19, 15) (20, 15) 50
(19, 15) (19, 16) 70
(19, 16) (20, 16) 70
(19, 16) (19, 17) 90
(19, 17) (20, 17) 90
(19, 17) (19, 18) 60
(19, 18) (20, 18) 50
(19, 18) (19, 19) 70
(19, 19) (20, 19) 80
(19, 19) (19, 20) 80
(19, 20) (20, 20) 80
(19, 20) (19, 21) 60
(19, 21) (20, 21) 70
(19, 21) (19, 22) 60
(19, 22) (20, 22) 50
(19, 22) (19, 23) 50
(19, 23) (20, 23) 70
(19, 23) (19, 24) 90
(19, 24) (20, 24) 60
(19, 24) (19, 25) 70
(19, 25) (20, 25) 90
(19, 25) (19, 26) 50
(19, 26) (20, 26) 70
(19, 26) (19, 27) 60
(19, 27) (20, 27) 70
(19, 27) (19, 28) 60
(19, 28) (20, 28) 80
(19, 28) (19, 29) 70
(19, 29) (20, 29) 90
(20, 0) (21, 0) 50
(20, 0) (20, 1) 80
(20, 1) (21, 1) 70
(20, 1) (20, 2) 60
(20, 2) (21, 2) 80
(20, 2) (20, 3) 50
(20, 3) (21, 3) 80
(20, 3) (20, 4) 90
(20, 4) (21, 4) 90
(20, 4) (20, 5) 80
(20, 5) (21, 5) 80
(20, 5) (20, 6) 90
(20, 6) (21, 6) 70
(20, 6) (20, 7) 90
(20, 7) (21, 7) 70
(20, 7) (20, 8) 50
(20, 8) (21, 8) 60
(20, 8) (20, 9) 80
(20, 9) (21, 9) 70
(20, 9) (20, 10) 50
(20, 10) (21, 10) 50
(20, 10) (20, 11) 70
(20, 11) (21, 11) 70
(20, 11) (20, 12) 60
(20, 12) (21, 12) 50
(20, 12) (20, 13) 80
(20, 13) (21, 13) 60
(20, 13) (20, 14) 90
(20, 14) (21, 14) 60
(20, 14) (20, 15) 80
(20, 15) (21, 15) 50
(20, 15) (20, 16) 80
(20, 16) (21, 16) 70
(20, 16) (20, 17) 90
(20, 17) (21, 17) 80
(20, 17) (20, 18) 80
(20, 18) (21, 18) 50
(20, 18) (20, 19) 50
(20, 19) (21, 19) 50
(20, 19) (20, 20) 90
(20, 20) (21, 20) 50
(20, 20) (20, 21) 70
(20, 21) (21, 21) 80
(20, 21) (20, 22) 50
(20, 22) (21, 22) 80
(20, 22) (20, 23) 70
(20, 23) (21, 23) 60
(20, 23) (20, 24) 90
(20, 24) (21, 24) 70
(20, 24) (20, 25) 90
(20, 25) (21, 25) 60
(20, 25) (20, 26) 80
(20, 26) (21, 26) 80
(20, 26) (20, 27) 80
(20, 27) (21, 27) 90
(20, 27) (20, 28) 70
(20, 28) (21, 28) 80
(20, 28) (20, 29) 90
(20, 29) (21, 29) 60
(21, 0) (22, 0) 50
(21, 0) (21, 1) 70
(21, 1) (22, 1) 70
(21, 1) (21, 2) 90
(21, 2) (22, 2) 80
(21, 2) (21, 3) 50
(21, 3) (22, 3) 70
(21, 3) (21, 4) 70
(21, 4) (22, 4) 60
(21, 4) (21, 5) 50
(21, 5) (22, 5) 70
(21, 5) (21, 6) 60
(21, 6) (22, 6) 50
(21, 6) (21, 7) 50
(21, 7) (22, 7) 80
(21, 7) (21, 8) 50
(21, 8) (22, 8) 50
(21, 8) (21, 9) 50
(21, 9) (22, 9) 60
(21, 9) (21, 10) 80
(21, 10) (22, 10) 70
(21, 10) (21, 11) 70
(21, 11) (22, 11) 60
(21, 11) (21, 12) 60
(21, 12) (22, 12) 70
(21, 12) (21, 13) 50
(21, 13) (22, 13) 70
(21, 13) (21, 14) 90
(21, 14) (22, 14) 90
(21, 14) (21, 15) 50
(21, 15) (22, 15) 90
(21, 15) (21, 16) 70
(21, 16) (22, 16) 50
(21, 16) (21, 17) 70
(21, 17) (22, 17) 90
(21, 17) (21, 18) 50
(21, 18) (22, 18) 80
(21, 18) (21, 19) 50
(21, 19) (22, 19) 90
(21, 19) (21, 20) 90
(21, 20) (22, 20) 80
(21, 20) (21, 21) 60
(21, 21) (22, 21) 50
(21, 21) (21, 22) 90
(21, 22) (22, 22) 70
(21, 22) (21, 23) 50
(21, 23) (22, 23) 60
(21, 23) (21, 24) 90
(21, 24) (22, 24) 60
(21, 24) (21, 25) 90
(21, 25) (22, 25) 60
(21, 25) (21, 26) 80
(21, 26) (22, 26) 50
(21, 26) (21, 27) 60
(21, 27) (22, 27) 60
(21, 27) (21, 28) 90
(21, 28) (22, 28) 60
(21, 28) (21, 29) 60
(21, 29) (22, 29) 90
(22, 0) (23, 0) 80
(22, 0) (22, 1) 70
(22, 1) (23, 1) 50
(22, 1) (22, 2) 80
(22, 2) (23, 2) 70
(22, 2) (22, 3) 80
(22, 3) (23, 3) 60
(22, 3) (22, 4) 90
(22, 4) (23, 4) 80
(22, 4) (22, 5) 80
(22, 5) (23, 5) 60
(22, 5) (22, 6) 50
(22, 6) (23, 6) 60
(22, 6) (22, 7) 70
(22, 7) (23, 7) 70
(22, 7) (22, 8) 50
(22, 8) (23, 8) 60
(22, 8) (22, 9) 90
(22, 9) (23, 9) 50
(22, 9) (22, 10) 50
(22, 10) (23, 10) 70
(22, 10) (22, 11) 50
(22, 11) (23, 11) 80
(22, 11) (22, 12) 60
(22, 12) (23, 12) 60
(22, 12) (22, 13) 50
(22, 13) (23, 13) 80
(22, 13) (22, 14) 80
(22, 14) (23, 14) 80
(22, 14) (22, 15) 50
(22, 15) (23, 15) 60
(22, 15) (22, 16) 70
(22, 16) (23, 16) 80
(22, 16) (22, 17) 60
(22, 17) (23, 17) 70
(22, 17) (22, 18) 70
(22, 18) (23, 18) 90
(22, 18) (22, 19) 50
(22, 19) (23, 19) 90
(22, 19) (22, 20) 70
(22, 20) (23, 20) 60
(22, 20) (22, 21) 90
(22, 21) (23, 21) 70
(22, 21) (22, 22) 50
(22, 22) (23, 22) 60
(22, 22) (22, 23) 80
(22, 23) (23, 23) 70
(22, 23) (22, 24) 50
(22, 24) (23, 24) 70
(22, 24) (22, 25) 70
(22, 25) (23, 25) 90
(22, 25) (22, 26) 80
(22, 26) (23, 26) 60
(22, 26) (22, 27) 90
(22, 27) (23, 27) 60
(22, 27) (22, 28) 80
(22, 28) (23, 28) 60
(22, 28) (22, 29) 70
(22, 29) (23, 29) 80
(23, 0) (24, 0) 70
(23, 0) (23, 1) 80
(23, 1) (24, 1) 70
(23, 1) (23, 2) 50
(23, 2) (24, 2) 80
(23, 2) (23, 3) 70
(23, 3) (24, 3) 80
(23, 3) (23, 4) 90
(23, 4) (24, 4) 60
(23, 4) (23, 5) 80
(23, 5) (24, 5) 90
(23, 5) (23, 6) 50
(23, 6) (24, 6) 90
(23, 6) (23, 7) 80
(23, 7) (24, 7) 50
(23, 7) (23, 8) 70
(23, 8) (24, 8) 90
(23, 8) (23, 9) 50
(23, 9) (24, 9) 80
(23, 9) (23, 10) 70
(23, 10) (24, 10) 50
(23, 10) (23, 11) 50
(23, 11) (24, 11) 60
(23, 11) (23, 12) 50
(23, 12) (24, 12) 80
(23, 12) (23, 13) 70
(23, 13) (24, 13) 90
(23, 13) (23, 14) 50
(23, 14) (24, 14) 80
(23, 14) (23, 15) 70
(23, 15) (24, 15) 60
(23, 15) (23, 16) 50
(23, 16) (24, 16) 60
(23, 16) (23, 17) 90
(23, 17) (24, 17) 50
(23, 17) (23, 18) 70
(23, 18) (24, 18) 60
(23, 18) (23, 19) 50
(23, 19) (24, 19) 80
(23, 19) (23, 20) 70
(23, 20) (24, 20) 80
(23, 20) (23, 21) 90
(23, 21) (24, 21) 90
(23, 21) (23, 22) 50
(23, 22) (24, 22) 70
(23, 22) (23, 23) 70
(23, 23) (24, 23) 90
(23, 23) (23, 24) 90
(23, 24) (24, 24) 50
(23, 24) (23, 25) 90
(23, 25) (24, 25) 90
(23, 25) (23, 26) 70
(23, 26) (24, 26) 90
(23, 26) (23, 27) 70
(23, 27) (24, 27) 50
(23, 27) (23, 28) 50
(23, 28) (24, 28) 50
(23, 28) (23, 29) 70
(23, 29) (24, 29) 80
(24, 0) (25, 0) 80
(24, 0) (24, 1) 70
(24, 1) (25, 1) 50
(24, 1) (24, 2) 60
(24, 2) (25, 2) 60
(24, 2) (24, 3) 60
(24, 3) (25, 3) 80
(24, 3) (24, 4) 60
(24, 4) (25, 4) 50
(24, 4) (24, 5) 90
(24, 5) (25, 5) 70
(24, 5) (24, 6) 50
(24, 6) (25, 6) 90
(24, 6) (24, 7) 90
(24, 7) (25, 7) 60
(24, 7) (24, 8) 50
(24, 8) (25, 8) 50
(24, 8) (24, 9) 70
(24, 9) (25, 9) 50
(24, 9) (24, 10) 90
(24, 10) (25, 10) 70
(24, 10) (24, 11) 70
(24, 11) (25, 11) 70
(24, 11) (24, 12) 70
(24, 12) (25, 12) 50
(24, 12) (24, 13) 90
(24, 13) (25, 13) 50
(24, 13) (24, 14) 50
(24, 14) (25, 14) 50
(24, 14) (24, 15) 80
(24, 15) (25, 15) 50
(24, 15) (24, 16) 50
(24, 16) (25, 16) 80
(24, 16) (24, 17) 80
(24, 17) (25, 17) 50
(24, 17) (24, 18) 80
(24, 18) (25, 18) 80
(24, 18) (24, 19) 60
(24, 19) (25, 19) 80
(24, 19) (24, 20) 70
(24, 20) (25, 20) 90
(24, 20) (24, 21) 90
(24, 21) (25, 21) 50
(24, 21) (24, 22) 80
(24, 22) (25, 22) 70
(24, 22) (24, 23) 80
(24, 23) (25, 23) 70
(24, 23) (24, 24) 50
(24, 24) (25, 24) 60
(24, 24) (24, 25) 60
(24, 25) (25, 25) 60
(24, 25) (24, 26) 60
(24, 26) (25, 26) 60
(24, 26) (24, 27) 90
(24, 27) (25, 27) 90
(24, 27) (24, 28) 50
(24, 28) (25, 28) 90
(24, 28) (24, 29) 80
(24, 29) (25, 29) 70
(25, 0) (26, 0) 90
(25, 0) (25, 1) 80
(25, 1) (26, 1) 50
(25, 1) (25, 2) 70
(25, 2) (26, 2) 50
(25, 2) (25, 3) 80
(25, 3) (26, 3) 60
(25, 3) (25, 4) 70
(25, 4) (26, 4) 90
(25, 4) (25, 5) 80
(25, 5) (26, 5) 80
(25, 5) (25, 6) 60
(25, 6) (26, 6) 80
(25, 6) (25, 7) 50
(25, 7) (26, 7) 60
(25, 7) (25, 8) 70
(25, 8) (26, 8) 80
(25, 8) (25, 9) 60
(25, 9) (26, 9) 90
(25, 9) (25, 10) 50
(25, 10) (26, 10) 90
(25, 10) (25, 11) 70
(25, 11) (26, 11) 80
(25, 11) (25, 12) 80
(25, 12) (26, 12) 70
(25, 12) (25, 13) 80
(25, 13) (26, 13) 60
(25, 13) (25, 14) 50
(25, 14) (26, 14) 80
(25, 14) (25, 15) 50
(25, 15) (26, 15) 80
(25, 15) (25, 16) 70
(25, 16) (26, 16) 80
(25, 16) (25, 17) 80
(25, 17) (26, 17) 60
(25, 17) (25, 18) 90
(25, 18) (26, 18) 80
(25, 18) (25, 19) 50
(25, 19) (26, 19) 70
(25, 19) (25, 20) 60
(25, 20) (26, 20) 50
(25, 20) (25, 21) 60
(25, 21) (26, 21) 90
(25, 21) (25, 22) 80
(25, 22) (26, 22) 80
(25, 22) (25, 23) 50
(25, 23) (26, 23) 60
(25, 23) (25, 24) 50
(25, 24) (26, 24) 80
(25, 24) (25, 25) 60
(25, 25) (26, 25) 70
(25, 25) (25, 26) 50
(25, 26) (26, 26) 80
(25, 26) (25, 27) 90
(25, 27) (26, 27) 70
(25, 27) (25, 28) 80
(25, 28) (26, 28) 50
(25, 28) (25, 29) 60
(25, 29) (26, 29) 70
(26, 0) (27, 0) 60
(26, 0) (26, 1) 60
(26, 1) (27, 1) 60
(26, 1) (26, 2) 90
(26, 2) (27, 2) 90
(26, 2) (26, 3) 70
(26, 3) (27, 3) 80
(26, 3) (26, 4) 70
(26, 4) (27, 4) 60
(26, 4) (26, 5) 80
(26, 5) (27, 5) 60
(26, 5) (26, 6) 60
(26, 6) (27, 6) 50
(26, 6) (26, 7) 90
(26, 7) (27, 7) 50
(26, 7) (26, 8) 80
(26, 8) (27, 8) 90
(26, 8) (26, 9) 90
(26, 9) (27, 9) 60
(26, 9) (26, 10) 80
(26, 10) (27, 10) 70
(26, 10) (26, 11) 60
(26, 11) (27, 11) 90
(26, 11) (26, 12) 50
(26, 12) (27, 12) 80
(26, 12) (26, 13) 60
(26, 13) (27, 13) 90
(26, 13) (26, 14) 90
(26, 14) (27, 14) 50
(26, 14) (26, 15) 50
(26, 15) (27, 15) 60
(26, 15) (26, 16) 80
(26, 16) (27, 16) 60
(26, 16) (26, 17) 50
(26, 17) (27, 17) 60
(26, 17) (26, 18) 90
(26, 18) (27, 18) 70
(26, 18) (26, 19) 70
(26, 19) (27, 19) 60
(26, 19) (26, 20) 90
(26, 20) (27, 20) 70
(26, 20) (26, 21) 80
(26, 21) (27, 21) 60
(26, 21) (26, 22) 70
(26, 22) (27, 22) 90
(26, 22) (26, 23) 50
(26, 23) (27, 23) 90
(26, 23) (26, 24) 60
(26, 24) (27, 24) 50
(26, 24) (26, 25) 60
(26, 25) (27, 25) 80
(26, 25) (26, 26) 60
(26, 26) (27, 26) 80
(26, 26) (26, 27) 90
(26, 27) (27, 27) 70
(26, 27) (26, 28) 50
(26, 28) (27, 28) 50
(26, 28) (26, 29) 60
(26, 29) (27, 29) 50
(27, 0) (28, 0) 60
(27, 0) (27, 1) 50
(27, 1) (28, 1) 80
(27, 1) (27, 2) 50
(27, 2) (28, 2) 90
(27, 2) (27, 3) 70
(27, 3) (28, 3) 80
(27, 3) (27, 4) 80
(27, 4) (28, 4) 70
(27, 4) (27, 5) 70
(27, 5) (28, 5) 80
(27, 5) (27, 6) 50
(27, 6) (28, 6) 90
(27, 6) (27, 7) 80
(27, 7) (28, 7) 70
(27, 7) (27, 8) 90
(27, 8) (28, 8) 80
(27, 8) (27, 9) 50
(27, 9) (28, 9) 60
(27, 9) (27, 10) 70
(27, 10) (28, 10) 50
(27, 10) (27, 11) 80
(27, 11) (28, 11) 80
(27, 11) (27, 12) 80
(27, 12) (28, 12) 60
(27, 12) (27, 13) 80
(27, 13) (28, 13) 50
(27, 13) (27, 14) 70
(27, 14) (28, 14) 80
(27, 14) (27, 15) 50
(27, 15) (28, 15) 60
(27, 15) (27, 16) 80
(27, 16) (28, 16) 90
(27, 16) (27, 17) 90
(27, 17) (28, 17) 90
(27, 17) (27, 18) 70
(27, 18) (28, 18) 50
(27, 18) (27, 19) 50
(27, 19) (28, 19) 70
(27, 19) (27, 20) 50
(27, 20) (28, 20) 90
(27, 20) (27, 21) 90
(27, 21) (28, 21) 90
(27, 21) (27, 22) 70
(27, 22) (28, 22) 90
(27, 22) (27, 23) 80
(27, 23) (28, 23) 60
(27, 23) (27, 24) 80
(27, 24) (28, 24) 60
(27, 24) (27, 25) 90
(27, 25) (28, 25) 90
(27, 25) (27, 26) 60
(27, 26) (28, 26) 70
(27, 26) (27, 27) 90
(27, 27) (28, 27) 70
(27, 27) (27, 28) 70
(27, 28) (28, 28) 80
(27, 28) (27, 29) 90
(27, 29) (28, 29) 70
(28, 0) (29, 0) 90
(28, 0) (28, 1) 60
(28, 1) (29, 1) 70
(28, 1) (28, 2) 80
(28, 2) (29, 2) 90
(28, 2) (28, 3) 50
(28, 3) (29, 3) 60
(28, 3) (28, 4) 80
(28, 4) (29, 4) 70
(28, 4) (28, 5) 80
(28, 5) (29, 5) 70
(28, 5) (28, 6) 80
(28, 6) (29, 6) 50
(28, 6) (28, 7) 80
(28, 7) (29, 7) 50
(28, 7) (28, 8) 70
(28, 8) (29, 8) 60
(28, 8) (28, 9) 60
(28, 9) (29, 9) 90
(28, 9) (28, 10) 60
(28, 10) (29, 10) 60
(28, 10) (28, 11) 60
(28, 11) (29, 11) 50
(28, 11) (28, 12) 50
(28, 12) (29, 12) 60
(28, 12) (28, 13) 50
(28, 13) (29, 13) 80
(28, 13) (28, 14) 60
(28, 14) (29, 14) 50
(28, 14) (28, 15) 60
(28, 15) (29, 15) 60
(28, 15) (28, 16) 60
(28, 16) (29, 16) 90
(28, 16) (28, 17) 60
(28, 17) (29, 17) 50
(28, 17) (28, 18) 80
(28, 18) (29, 18) 80
(28, 18) (28, 19) 60
(28, 19) (29, 19) 90
(28, 19) (28, 20) 80
(28, 20) (29, 20) 70
(28, 20) (28, 21) 80
(28, 21) (29, 21) 80
(28, 21) (28, 22) 50
(28, 22) (29, 22) 70
(28, 22) (28, 23) 70
(28, 23) (29, 23) 70
(28, 23) (28, 24) 80
(28, 24) (29, 24) 90
(28, 24) (28, 25) 80
(28, 25) (29, 25) 90
(28, 25) (28, 26) 80
(28, 26) (29, 26) 70
(28, 26) (28, 27) 80
(28, 27) (29, 27) 80
(28, 27) (28, 28) 80
(28, 28) (29, 28) 70
(28, 28) (28, 29) 60
(28, 29) (29, 29) 90
(29, 0) (29, 1) 70
(29, 1) (29, 2) 50
(29, 2) (29, 3) 90
(29, 3) (29, 4) 90
(29, 4) (29, 5) 60
(29, 5) (29, 6) 80
(29, 6) (29, 7) 70
(29, 7) (29, 8) 70
(29, 8) (29, 9) 90
(29, 9) (29, 10) 60
(29, 10) (29, 11) 60
(29, 11) (29, 12) 70
(29, 12) (29, 13) 50
(29, 13) (29, 14) 70
(29, 14) (29, 15) 50
(29, 15) (29, 16) 80
(29, 16) (29, 17) 50
(29, 17) (29, 18) 90
(29, 18) (29, 19) 70
(29, 19) (29, 20) 80
(29, 20) (29, 21) 80
(29, 21) (29, 22) 80
(29, 22) (29, 23) 70
(29, 23) (29, 24) 90
(29, 24) (29, 25) 90
(29, 25) (29, 26) 60
(29, 26) (29, 27) 90
(29, 27) (29, 28) 50
(29, 28) (29, 29) 70
